BJD_TDB               Rel_flux_T1  err_rel_flux_T1        dX            dY              FWHM               Sky         Airmass
2459241.63397900	0.99908300	0.00316700	0.00000000	0.00000000	3.70890000	2583.23000000	2.35457986
2459241.63515900	0.99835300	0.00314200	0.38000000	1.46000000	3.64290000	2572.97000000	2.32573240
2459241.63642900	0.99845900	0.00310700	0.49000000	1.36000000	3.67050000	2540.56000000	2.29548118
2459241.63770900	1.00301700	0.00306300	0.50000000	0.98000000	3.48680000	2491.72000000	2.26600254
2459241.63888900	0.99896600	0.00301900	1.15000000	2.25000000	3.50690000	2429.48000000	2.23941448
2459241.64015900	0.99995000	0.00299100	0.48000000	0.74000000	3.70610000	2399.73000000	2.21141874
2459241.64134900	1.00279100	0.00296300	0.86000000	2.13000000	3.56290000	2361.71000000	2.18615930
2459241.64261900	0.99961600	0.00293300	-0.29000000	1.07000000	3.72200000	2350.23000000	2.15956209
2459241.64389900	0.99640900	0.00290400	0.47000000	0.81000000	3.77310000	2321.61000000	2.13368154
2459241.64507900	1.00134200	0.00286900	1.09000000	1.81000000	3.38850000	2275.04000000	2.11031244
2459241.64634900	1.00054400	0.00284900	0.46000000	0.86000000	3.52760000	2258.15000000	2.08569427
2459241.64752900	1.00271600	0.00282800	0.96000000	2.11000000	3.44220000	2230.51000000	2.06344741
2459241.64880900	1.00386100	0.00280800	0.30000000	0.55000000	3.54900000	2216.30000000	2.03985772
2459241.64999900	1.00105400	0.00278600	0.78000000	1.59000000	3.51940000	2219.92000000	2.01859145
2459241.65127900	1.00476500	0.00276700	-0.12000000	0.76000000	3.60080000	2187.49000000	1.99619380
2459241.65246900	0.99922300	0.00279200	-0.53000000	2.08000000	3.98770000	2217.70000000	1.97589516
2459241.65374900	0.99984100	0.00275700	0.02000000	0.44000000	4.77290000	2176.01000000	1.95451545
2459241.65492900	1.00318800	0.00274000	-0.52000000	1.65000000	3.87380000	2161.51000000	1.93490218
2459241.65625900	0.99314500	0.00268300	0.93000000	1.21000000	3.61340000	2106.83000000	1.91403698
2459241.65743900	1.00053100	0.00267000	1.54000000	2.06000000	3.45130000	2079.30000000	1.89568222
2459241.65871900	0.99741500	0.00264100	0.07000000	1.17000000	3.54810000	2052.14000000	1.87622609
2459241.65990900	0.99890600	0.00262600	0.82000000	2.26000000	3.50480000	2028.16000000	1.85856526
2459241.66117900	0.99703000	0.00261200	-0.14000000	0.84000000	3.57650000	2035.46000000	1.84001076
2459241.66246900	1.00342600	0.00260100	-0.30000000	0.81000000	3.71570000	2015.30000000	1.82174477
2459241.66374900	1.00666400	0.00259100	-0.07000000	0.58000000	3.54390000	2001.18000000	1.80400486
2459241.66493900	1.00044100	0.00257200	-0.23000000	1.83000000	3.52760000	1986.25000000	1.78785426
2459241.66620900	1.00074100	0.00255600	0.00000000	0.88000000	3.57710000	1967.46000000	1.77085481
2459241.66739900	1.00235100	0.00255100	0.17000000	1.85000000	3.66990000	1975.22000000	1.75542782
2459241.66867900	1.00141800	0.00253600	1.76000000	1.29000000	3.82360000	1950.20000000	1.73920889
2459241.66985900	1.00036800	0.00251400	2.26000000	2.32000000	3.56730000	1925.79000000	1.72445301
2459241.67113900	1.00089900	0.00250100	0.37000000	0.89000000	3.60700000	1908.65000000	1.70887202
2459241.67231900	0.99745400	0.00248700	0.79000000	1.79000000	3.46030000	1898.19000000	1.69469012
2459241.67359900	0.99932200	0.00247300	0.13000000	0.75000000	3.62360000	1871.71000000	1.67979818
2459241.67477900	0.99791600	0.00246800	0.16000000	1.72000000	3.54410000	1890.70000000	1.66628671
2459241.67604900	1.00190100	0.00245900	0.13000000	0.87000000	3.62730000	1878.61000000	1.65198106
2459241.67732900	1.00050200	0.00245000	0.19000000	0.91000000	3.61500000	1881.19000000	1.63798133
2459241.67850900	1.00023600	0.00244000	0.59000000	2.12000000	3.64940000	1866.45000000	1.62526157
2459241.67978900	1.00116000	0.00243400	0.02000000	0.59000000	3.71050000	1876.77000000	1.61178725
2459241.68096900	1.00032600	0.00242500	0.17000000	1.73000000	3.58910000	1850.83000000	1.59955997
2459241.68223900	0.99973500	0.00240700	0.13000000	0.42000000	3.62090000	1819.65000000	1.58663120
2459241.68342900	1.00153800	0.00240600	0.43000000	1.35000000	3.63160000	1822.29000000	1.57487203
2459241.68469900	0.99956700	0.00238900	0.32000000	0.86000000	3.66050000	1790.08000000	1.56243328
2459241.68587900	0.99976500	0.00238200	0.22000000	2.24000000	3.58350000	1778.64000000	1.55114978
2459241.68715900	0.99760900	0.00237000	-0.53000000	0.82000000	3.62300000	1759.67000000	1.53918333
2459241.68842900	0.99725000	0.00235600	-0.71000000	0.92000000	3.78030000	1739.94000000	1.52750495
2459241.68970900	0.99626900	0.00234200	0.04000000	1.04000000	3.70220000	1725.36000000	1.51601096
2459241.69097900	0.99827600	0.00234200	-0.01000000	1.25000000	3.64500000	1722.52000000	1.50474912
2459241.69225900	1.00145100	0.00233300	-0.19000000	1.09000000	3.62630000	1694.58000000	1.49369309
2459241.69354900	0.99789800	0.00232200	-0.15000000	1.22000000	3.72170000	1686.52000000	1.48280846
2459241.69482900	0.99967700	0.00231100	0.53000000	0.96000000	3.69330000	1663.38000000	1.47212919
2459241.69601900	0.99687800	0.00230000	0.71000000	2.23000000	3.58420000	1652.60000000	1.46244398
2459241.69729900	0.99747600	0.00228300	0.29000000	0.75000000	3.73040000	1613.42000000	1.45222181
2459241.69848900	0.99815600	0.00227900	0.82000000	1.87000000	3.55450000	1604.58000000	1.44289983
2459241.69975900	1.00143500	0.00228500	-0.89000000	0.64000000	3.74540000	1617.21000000	1.43304665
2459241.70103900	1.00068100	0.00228200	0.47000000	1.00000000	3.47740000	1622.98000000	1.42338657
2459241.70222900	1.00108900	0.00229600	0.19000000	2.18000000	3.91780000	1618.44000000	1.41458742
2459241.70350900	1.00199800	0.00229100	0.06000000	1.05000000	4.04520000	1615.78000000	1.40526465
2459241.70469900	1.00033000	0.00229300	0.48000000	2.39000000	3.85220000	1597.87000000	1.39677889
2459241.70597900	1.00262300	0.00228600	-0.37000000	1.00000000	4.12050000	1593.86000000	1.38780102
2459241.70725900	1.00361200	0.00227200	0.32000000	1.10000000	3.84820000	1588.62000000	1.37898038
2459241.70843900	0.99905900	0.00226100	0.98000000	2.00000000	3.92940000	1572.61000000	1.37097704
2459241.70971900	0.99359000	0.00224400	-0.77000000	0.53000000	3.94550000	1588.38000000	1.36248381
2459241.71099900	1.00016100	0.00224300	-0.37000000	1.09000000	3.84000000	1565.35000000	1.35415543
2459241.71227900	0.99957000	0.00224200	0.23000000	0.32000000	3.95490000	1563.97000000	1.34596527
2459241.71346900	0.99722300	0.00223300	0.50000000	1.58000000	3.83120000	1550.33000000	1.33851111
2459241.71475900	0.99718800	0.00223400	0.71000000	0.82000000	3.85480000	1555.66000000	1.33059519
2459241.71593900	0.99786800	0.00225600	0.44000000	2.14000000	4.32210000	1540.15000000	1.32340280
2459241.71722900	0.99995500	0.00221900	0.24000000	1.25000000	3.85980000	1523.14000000	1.31577142
2459241.71841900	0.99446800	0.00220200	0.37000000	2.45000000	3.77680000	1496.64000000	1.30885383
2459241.71969900	0.99739000	0.00220500	0.92000000	0.93000000	3.97600000	1487.93000000	1.30150339
2459241.72087900	0.99619800	0.00219700	1.65000000	1.83000000	3.79310000	1487.88000000	1.29482436
2459241.72216900	0.99487600	0.00218600	0.21000000	0.84000000	3.65510000	1471.89000000	1.28773190
2459241.72335900	0.99764000	0.00217800	0.23000000	2.21000000	3.70880000	1447.34000000	1.28128915
2459241.72463900	0.99608200	0.00217500	-0.49000000	0.45000000	3.97170000	1441.03000000	1.27442809
2459241.72591900	0.99413800	0.00215900	0.64000000	0.64000000	3.77660000	1427.77000000	1.26771864
2459241.72710900	0.99154100	0.00215000	0.85000000	1.70000000	3.66730000	1413.40000000	1.26161638
2459241.72839900	0.99360800	0.00215000	-0.07000000	1.01000000	4.02150000	1406.85000000	1.25513373
2459241.72957900	0.99347000	0.00215100	-0.31000000	2.02000000	3.83850000	1403.27000000	1.24925880
2459241.73085900	0.98976500	0.00213900	0.39000000	0.93000000	3.69270000	1393.86000000	1.24300392
2459241.73204900	0.99379200	0.00214700	0.61000000	1.69000000	4.03210000	1389.62000000	1.23731830
2459241.73332900	0.99181700	0.00212700	0.46000000	1.29000000	3.66670000	1356.94000000	1.23131087
2459241.73450900	0.99385800	0.00213500	1.18000000	2.67000000	3.50490000	1402.03000000	1.22583258
2459241.73579900	0.99425300	0.00212100	-0.32000000	0.79000000	3.64220000	1340.38000000	1.22000223
2459241.73697900	0.99595500	0.00213300	-0.51000000	1.82000000	3.52050000	1364.73000000	1.21472598
2459241.73825900	0.99612300	0.00211600	0.01000000	1.04000000	3.66010000	1329.02000000	1.20912115
2459241.73944900	0.99557200	0.00211700	0.12000000	2.25000000	3.51730000	1338.31000000	1.20403588
2459241.74072900	0.99848400	0.00211100	-0.18000000	0.67000000	3.58720000	1322.20000000	1.19861253
2459241.74191900	0.99223100	0.00209900	-0.05000000	1.82000000	3.49760000	1314.64000000	1.19370220
2459241.74319900	0.99260500	0.00209700	-0.39000000	0.85000000	3.59010000	1307.34000000	1.18850560
2459241.74447900	0.99410600	0.00209700	0.11000000	0.99000000	3.52900000	1305.98000000	1.18338405
2459241.74565900	0.99472800	0.00209500	0.32000000	2.06000000	3.49640000	1307.63000000	1.17872854
2459241.74693900	0.99431300	0.00209600	-0.20000000	1.08000000	3.55980000	1304.66000000	1.17380534
2459241.74812900	0.99332400	0.00208800	-0.13000000	1.99000000	3.57420000	1298.74000000	1.16932345
2459241.74939900	0.99313600	0.00208400	-0.55000000	1.12000000	3.58230000	1286.91000000	1.16458329
2459241.75067900	1.00137400	0.00208900	0.07000000	1.35000000	3.77920000	1281.86000000	1.15990658
2459241.75195900	1.00650500	0.00208500	0.16000000	1.00000000	3.68150000	1266.20000000	1.15532624
2459241.75314900	1.00103300	0.00207900	0.21000000	1.95000000	3.54580000	1255.69000000	1.15115508
2459241.75443900	0.99942500	0.00207600	0.16000000	0.34000000	3.59600000	1250.82000000	1.14673902
2459241.75561900	0.99899700	0.00206700	0.02000000	1.64000000	3.53290000	1233.89000000	1.14271650
2459241.75690900	1.00159600	0.00207300	-0.26000000	0.47000000	3.64060000	1250.99000000	1.13845649
2459241.75809900	1.00081600	0.00207300	-0.74000000	1.56000000	3.54830000	1251.55000000	1.13458712
2459241.75936900	1.00074300	0.00208200	0.06000000	0.61000000	3.55570000	1287.34000000	1.13050151
2459241.76055900	1.00001900	0.00208500	0.09000000	1.84000000	3.58280000	1309.63000000	1.12679174
2459241.76182900	0.99804800	0.00209300	-0.91000000	0.68000000	3.62450000	1329.26000000	1.12285575
2459241.76311900	1.00118100	0.00211400	0.61000000	1.14000000	3.88590000	1388.31000000	1.11899025
2459241.76429900	0.99897500	0.00214100	0.49000000	1.96000000	4.40400000	1461.52000000	1.11548159
2459241.76557900	0.99787300	0.00216000	-0.38000000	0.66000000	3.91620000	1587.95000000	1.11176918
2459241.76685900	1.00023100	0.00220500	-0.62000000	0.81000000	4.05240000	1764.25000000	1.10812827
2459241.76814900	0.99949000	0.00227200	-0.72000000	0.70000000	3.84390000	2027.08000000	1.10455502
2459241.76941900	1.00470800	0.00238200	-0.32000000	0.35000000	4.18680000	2429.37000000	1.10106549
2459241.77060900	0.99875800	0.00249800	-1.23000000	1.43000000	3.73430000	2959.47000000	1.09789126
