#BJD_TDB	rel_flux_T1_n	rel_flux_err_T1_n	AIRMASS	Width_T1
2459357.955015	0.999993	0.001144	1.018455	9.437306
2459357.955829	0.999173	0.001148	1.018596	9.441473
2459357.956643	1.000947	0.001149	1.018758	9.374443
2459357.957456	0.998348	0.001151	1.018942	9.290591
2459357.958313	1.000274	0.001152	1.019160	9.419461
2459357.959127	1.000465	0.001151	1.019389	9.408193
2459357.959941	0.999976	0.001149	1.019639	9.406688
2459357.960754	0.998966	0.001150	1.019912	9.475585
2459357.961567	1.002262	0.001151	1.020206	9.604675
2459357.962380	1.000870	0.001151	1.020521	9.412170
2459357.963193	0.999817	0.001154	1.020860	9.173413
2459357.964006	1.001558	0.001159	1.021220	9.111543
2459357.964820	1.001293	0.001162	1.021603	9.373178
2459357.965634	0.998664	0.001159	1.022008	9.388721
2459357.966448	1.001376	0.001156	1.022431	9.284183
2459357.967262	0.998893	0.001156	1.022880	9.536717
2459357.968075	0.999550	0.001161	1.023351	9.645601
2459357.968888	1.001471	0.001166	1.023844	9.742237
2459357.969701	1.000229	0.001160	1.024357	9.112261
2459357.970514	1.000066	0.001161	1.024893	9.115237
2459357.971327	0.999766	0.001158	1.025454	8.925859
2459357.972139	0.999226	0.001157	1.026037	8.763145
2459357.972952	0.997800	0.001156	1.026639	8.778564
2459357.973766	1.000165	0.001159	1.027263	8.995430
2459357.974579	1.002378	0.001162	1.027913	8.981861
2459357.975393	0.998943	0.001158	1.028586	8.676895
2459357.976209	1.000733	0.001159	1.029284	8.764399
2459357.977021	0.997702	0.001158	1.029999	8.729391
2459357.977835	1.000210	0.001158	1.030743	8.727490
2459357.978649	1.001419	0.001160	1.031506	8.775018
2459357.979463	0.997673	0.001156	1.032293	8.938210
2459357.980276	0.999538	0.001155	1.033102	8.940502
2459357.981089	1.000117	0.001155	1.033935	8.973604
2459357.981904	1.003822	0.001155	1.034795	9.229812
2459357.982716	1.002445	0.001154	1.035675	9.007207
2459357.983531	1.002562	0.001151	1.036577	8.735177
2459357.984347	1.002057	0.001154	1.037504	8.969779
2459357.985160	1.001285	0.001156	1.038455	8.937244
2459357.985999	1.001174	0.001163	1.039465	9.038362
2459357.986812	1.001860	0.001168	1.040463	9.164291
2459357.987625	1.002372	0.001171	1.041485	9.267702
2459357.988438	0.999177	0.001172	1.042532	8.972549
2459357.989252	0.999554	0.001174	1.043602	9.039136
2459357.990066	1.000053	0.001174	1.044697	8.987921
2459357.990880	1.000397	0.001174	1.045815	8.686888
2459357.991696	0.998420	0.001175	1.046969	8.989975
2459357.992511	0.999444	0.001173	1.048137	8.766051
2459357.993324	0.996983	0.001172	1.049330	8.697889
2459357.994137	1.000711	0.001177	1.050547	8.927896
2459357.994951	1.000205	0.001175	1.051794	8.490080
2459357.995764	1.000916	0.001179	1.053067	8.504947
2459357.996577	0.998564	0.001177	1.054359	8.377087
2459357.997391	0.999443	0.001174	1.055677	8.367891
2459357.998206	0.998715	0.001167	1.057027	8.236067
2459357.999018	0.999293	0.001163	1.058397	8.292706
2459357.999832	0.999638	0.001161	1.059799	8.425906
2459358.000645	0.998366	0.001158	1.061219	8.521867
2459358.001458	0.998923	0.001160	1.062667	8.486069
2459358.002272	1.001372	0.001166	1.064146	8.619059
2459358.003085	1.000626	0.001171	1.065646	8.702576
2459358.003899	1.000721	0.001176	1.067178	8.670868
2459358.004712	1.001162	0.001182	1.068731	8.862389
2459358.005526	1.000379	0.001182	1.070318	9.036772
2459358.006339	0.997971	0.001181	1.071933	8.919372
2459358.007153	0.994931	0.001169	1.073567	8.692035
2459358.007967	0.998913	0.001174	1.075236	9.120301
2459358.008780	1.001812	0.001173	1.076925	8.945531
2459358.009593	0.999207	0.001169	1.078648	8.713905
2459358.010407	0.999354	0.001172	1.080401	8.497657
2459358.011222	0.998749	0.001174	1.082180	8.595780
2459358.012037	0.999104	0.001174	1.083989	8.648360
2459358.012849	1.000391	0.001173	1.085827	8.675388
2459358.013662	0.999226	0.001173	1.087686	8.864988
2459358.014475	1.001787	0.001178	1.089582	9.023605
2459358.015288	0.999895	0.001182	1.091506	9.371681
2459358.016101	1.000311	0.001180	1.093461	8.965980
2459358.016914	1.000019	0.001182	1.095437	8.805365
2459358.017728	0.999004	0.001182	1.097459	8.927726
2459358.018543	0.996834	0.001182	1.099504	8.705042
2459358.019356	1.001462	0.001180	1.101580	8.607890
2459358.020169	1.000848	0.001184	1.103677	9.277371
2459358.020982	0.999187	0.001177	1.105814	8.922109
2459358.021795	1.000306	0.001177	1.107982	9.227481
2459358.022607	1.000073	0.001174	1.110182	9.055263
2459358.023420	1.003008	0.001173	1.112414	8.838679
2459358.024233	1.000501	0.001171	1.114666	9.206810
2459358.025054	1.000155	0.001173	1.116990	9.113032
2459358.025866	1.001226	0.001174	1.119317	9.019771
2459358.026679	0.999234	0.001174	1.121677	8.972360
2459358.027493	1.001793	0.001174	1.124071	9.341534
2459358.028306	1.000257	0.001172	1.126499	9.076902
2459358.029119	1.000593	0.001174	1.128969	9.392485
2459358.029932	0.999262	0.001172	1.131453	9.202293
2459358.030745	1.000096	0.001169	1.133993	9.156054
2459358.031559	1.000716	0.001171	1.136568	9.527145
2459358.032372	1.002972	0.001170	1.139155	9.346442
2459358.033186	1.000125	0.001164	1.141800	9.428961
2459358.034001	0.999338	0.001163	1.144483	9.807654
2459358.034815	0.996433	0.001161	1.147202	9.538544
2459358.035627	0.999714	0.001160	1.149932	9.538252
2459358.036440	0.996784	0.001160	1.152723	10.195290
2459358.037253	0.999482	0.001156	1.155539	10.026548
2459358.038066	0.998489	0.001155	1.158393	9.941016
2459358.038880	0.995874	0.001154	1.161298	9.479687
2459358.039695	0.997336	0.001155	1.164242	9.388932
2459358.040508	0.995086	0.001153	1.167223	9.271270
2459358.041321	0.997933	0.001153	1.170216	9.261293
2459358.042136	0.997577	0.001149	1.173275	9.421899
2459358.042949	0.996986	0.001151	1.176374	9.492423
2459358.043762	0.998196	0.001152	1.179514	9.598429
2459358.044575	0.996850	0.001152	1.182694	9.886219
2459358.045389	0.998393	0.001151	1.185917	9.565460
2459358.046204	0.997884	0.001151	1.189181	9.795926
2459358.047017	0.998300	0.001145	1.192456	9.260350
2459358.047830	0.995741	0.001143	1.195804	9.030705
2459358.048643	0.996953	0.001145	1.199197	9.316163
2459358.049456	0.999348	0.001145	1.202632	9.339828
2459358.050269	0.998853	0.001147	1.206109	9.601779
2459358.051083	0.996521	0.001148	1.209632	9.525260
2459358.051897	0.997102	0.001149	1.213199	9.633987
2459358.052709	0.997655	0.001150	1.216813	9.909711
2459358.053524	0.994673	0.001147	1.220473	9.604957
2459358.054337	0.998111	0.001152	1.224148	10.667776
2459358.055153	0.995067	0.001146	1.227938	10.097345
2459358.055966	0.995879	0.001145	1.231741	10.079414
2459358.056781	0.997588	0.001147	1.235593	10.172330
2459358.057595	0.996947	0.001146	1.239491	10.193419
2459358.058408	0.996111	0.001148	1.243439	10.245094
2459358.059222	0.997972	0.001152	1.247438	10.736210
2459358.060035	0.996802	0.001153	1.251492	10.885366
2459358.060849	0.995879	0.001163	1.255596	11.434319
2459358.061663	0.995448	0.001161	1.259749	11.479095
2459358.062476	0.996664	0.001162	1.263955	11.496166
2459358.063289	0.997447	0.001151	1.268212	10.583005
2459358.064103	0.995992	0.001147	1.272524	10.575939
2459358.064919	0.996796	0.001146	1.276913	10.299585
2459358.065734	0.996617	0.001141	1.281356	10.148366
2459358.066547	0.997004	0.001140	1.285837	10.293698
2459358.067360	0.998640	0.001143	1.290376	10.936519
2459358.068173	0.998390	0.001132	1.294972	10.254332
2459358.068987	0.995569	0.001136	1.299629	10.724086
2459358.069800	0.995000	0.001131	1.304340	10.522713
2459358.070612	0.997585	0.001130	1.309111	10.224654
2459358.071426	0.998328	0.001125	1.313945	10.020120
2459358.072239	0.999749	0.001124	1.318839	10.042778
2459358.073052	1.001000	0.001122	1.323796	10.306668
2459358.073866	1.000443	0.001118	1.328838	10.010346
2459358.074680	0.999434	0.001116	1.333922	10.191110
2459358.075492	0.999506	0.001115	1.339073	10.461867
2459358.076306	0.999046	0.001116	1.344310	10.094926
2459358.077119	1.002143	0.001115	1.349589	10.163302
2459358.077933	0.999416	0.001109	1.354960	9.898850
2459358.078752	0.999765	0.001108	1.360425	9.932111
2459358.079565	0.999219	0.001108	1.365912	9.667766
2459358.080379	0.999689	0.001109	1.371493	9.693368
2459358.081193	1.000005	0.001110	1.377145	9.919271
2459358.082006	1.000762	0.001116	1.382850	10.418078
2459358.082820	1.002533	0.001120	1.388654	10.395161
2459358.083634	0.999398	0.001120	1.394533	10.479119
2459358.084449	0.997442	0.001120	1.400486	10.686188
2459358.085262	1.000532	0.001117	1.406491	10.124982
2459358.086075	1.002080	0.001119	1.412602	10.489879
2459358.086888	1.001083	0.001112	1.418765	9.987459
2459358.087701	0.998809	0.001112	1.425035	9.861599
2459358.088516	0.999450	0.001110	1.431393	9.616209
2459358.089328	0.999077	0.001115	1.437838	10.315305
2459358.090143	1.002370	0.001121	1.444367	10.886499
2459358.090957	1.002300	0.001116	1.450978	10.740154
2459358.091770	0.998211	0.001111	1.457674	10.626577
2459358.092583	0.999509	0.001110	1.464430	10.157518
2459358.093396	1.000966	0.001109	1.471307	10.461870
2459358.094209	1.003900	0.001113	1.478278	10.365670
2459358.095022	1.002859	0.001114	1.485341	10.210828
2459358.095834	0.999010	0.001116	1.492504	10.532535
2459358.096649	0.998674	0.001125	1.499766	10.746506
2459358.097462	0.999876	0.001126	1.507124	10.522990
2459358.098275	1.001287	0.001127	1.514579	10.168525
2459358.099088	0.997553	0.001128	1.522136	10.196029
2459358.099902	0.998797	0.001123	1.529795	9.891735
2459358.100715	0.998842	0.001124	1.537562	10.566568
2459358.101528	0.996848	0.001121	1.545472	10.138980
2459358.102342	0.999123	0.001121	1.553422	10.259855
2459358.103155	0.999889	0.001123	1.561555	10.105636
2459358.103968	0.998527	0.001126	1.569728	10.318838
2459358.104782	0.998113	0.001125	1.578086	10.042031
2459358.105595	0.998794	0.001127	1.586561	10.429087
2459358.106409	1.002057	0.001133	1.595121	10.744884
2459358.107223	0.999995	0.001133	1.603807	10.419792
2459358.108035	0.999018	0.001133	1.612655	10.463039
2459358.108850	0.999522	0.001137	1.621587	10.648476
2459358.109664	0.998824	0.001133	1.630647	10.231068
2459358.110477	1.000570	0.001131	1.639879	10.435352
2459358.111291	0.999791	0.001133	1.649241	10.192345
2459358.112105	0.999094	0.001136	1.658698	10.417835
2459358.112919	0.998659	0.001136	1.668298	10.522041
2459358.113732	0.999619	0.001137	1.678081	10.686433
2459358.114545	1.001179	0.001137	1.688012	10.403729
2459358.115360	0.998966	0.001136	1.698091	10.656664
2459358.116177	0.998798	0.001142	1.708317	10.366883
2459358.116990	0.999084	0.001148	1.718702	10.193107
2459358.117805	0.998840	0.001151	1.729243	10.744892
2459358.118619	1.000501	0.001162	1.739844	11.174463
2459358.119431	1.000731	0.001170	1.750698	10.729478
2459358.120244	0.998344	0.001183	1.761722	11.271701
2459358.121090	1.000355	0.001198	1.773308	11.314512
2459358.121903	1.000942	0.001212	1.784677	10.896530
